0
1
[2061]
[5000]
[7938]
[244]
[9755]
[2061]
[5000]
[7938]
[244]
[9755]
[2061]
[5000]
[7938]
[244]
[9755]
[2061]
[4999]
[7938]
[244]
[9755]
[2061]
[4999]
[7939]
[244]
[9755]
[2061]
[4999]
[7939]
[244]
[9755]
[2061]
[4999]
[7939]
[244]
[9755]
[2061]
[4999]
[7939]
[244]
[9755]
[2061]
[4999]
[7938]
[244]
[9755]
[2061]
[5000]
[7938]
[244]
[9755]
[2060]
[5000]
[7938]
[244]
[9755]
[2060]
[5000]
[7938]
[244]
[9755]
[2060]
[5000]
[7938]
[244]
[9755]
[2060]
[5000]
[7938]
[244]
[9755]
[2060]
[5000]
[7938]
[244]
[9755]
[2060]
[5000]
[7938]
[244]
[9755]
[2060]
[5000]
[7938]
[245]
[9755]
[2060]
[5001]
[7938]
[245]
[9755]
[2060]
[5001]
[7937]
[245]
[9755]
[2059]
[5001]
[7937]
[245]
[9755]
[2059]
[5001]
[7937]
[245]
[9755]
[2059]
[5001]
[7937]
[245]
[9755]
[2059]
[5001]
[7937]
[245]
[9755]
[2059]
[5001]
[7937]
[245]
[9755]
[2059]
[5001]
[7937]
[245]
[9755]
[2059]
[5001]
[7937]
[245]
[9755]
[2060]
[5000]
[7938]
[244]
[9755]
[2060]
[5000]
[7939]
[244]
[9755]
[2061]
[4999]
[7939]
[244]
[9754]
[2062]
[4998]
[7940]
[244]
[9754]
[2062]
[4997]
[7940]
[243]
[9754]
[2063]
[4996]
[7941]
[243]
[9754]
[2064]
[4995]
[7942]
[243]
[9753]
[2064]
[4995]
[7942]
[243]
[9753]
[2065]
[4994]
[7943]
[242]
[9753]
[2066]
[4993]
[7944]
[242]
[9753]
[2066]
[4992]
[7944]
[242]
[9752]
[2067]
[4991]
[7945]
[242]
[9752]
[2068]
[4991]
[7946]
[241]
[9752]
[2068]
[4990]
[7946]
[241]
[9752]
[2069]
[4989]
[7947]
[241]
[9751]
[2070]
[4988]
[7948]
[241]
[9751]
[2070]
[4987]
[7948]
[240]
[9751]
[2071]
[4987]
[7949]
[240]
[9751]
[2072]
[4986]
[7950]
[240]
[9750]
[2072]
[4985]
[7950]
[240]
[9750]
[2073]
[4984]
[7951]
[239]
[9750]
[2074]
[4983]
[7952]
[239]
[9750]
[2074]
[4983]
[7952]
[239]
[9749]
[2075]
[4982]
[7953]
[239]
[4981]
