-4.999
-0.8310000000000004
1.6280000000000001
3.4640000000000004
3.9770000000000003
2.971
0.8300000000000001
-1.629
-3.465
-3.9779999999999998
-2.972
-0.8310000000000004
1.6280000000000001
3.4640000000000004
3.9770000000000003
2.971
0.8300000000000001
-1.629
-3.465
-3.9779999999999998
-2.972
-0.8310000000000004
1.6280000000000001
3.4640000000000004
3.9770000000000003
2.971
0.8300000000000001
-1.629
-3.465
-3.9779999999999998
-2.972
-0.8310000000000004
1.6280000000000001
3.4640000000000004
3.9770000000000003
2.971
0.8300000000000001
-1.629
-3.465
-3.9779999999999998
-2.972
-0.8310000000000004
1.6280000000000001
3.4640000000000004
3.9770000000000003
2.971
0.8300000000000001
-1.629
-3.465
-3.9779999999999998
-2.972
-0.8310000000000004
1.6280000000000001
3.4640000000000004
3.9770000000000003
2.971
0.8300000000000001
-1.629
-3.465
-3.9779999999999998
-2.972
-0.8310000000000004
1.6280000000000001
3.4640000000000004
3.9770000000000003
2.971
0.8300000000000001
-1.629
-3.465
-3.9779999999999998
-2.972
-0.8310000000000004
1.6280000000000001
3.4640000000000004
3.9770000000000003
2.971
0.8300000000000001
-1.629
-3.465
-3.9779999999999998
-2.972
-0.8310000000000004
1.6280000000000001
3.4640000000000004
3.9770000000000003
2.971
0.8300000000000001
-1.629
-3.465
-3.9779999999999998
-2.972
-0.8310000000000004
1.6280000000000001
3.4640000000000004
3.9770000000000003
2.971
0.8300000000000001
-1.629
-1.629
