4.755000000000001
4.755000000000001
2.9379999999999997
-0.001000000000000334
-2.939
-4.756
-4.756
-2.939
0.0
2.9379999999999997
4.755000000000001
4.755000000000001
2.9379999999999997
-0.001000000000000334
-2.939
-4.756
-4.756
-2.939
0.0
2.9379999999999997
4.755000000000001
4.755000000000001
2.9379999999999997
-0.001000000000000334
-2.939
-4.756
-4.756
-2.939
0.0
2.9379999999999997
4.755000000000001
4.755000000000001
2.9379999999999997
0.0
-2.939
-4.756
-4.756
-2.939
-0.001000000000000334
2.9379999999999997
4.755000000000001
4.755000000000001
2.9379999999999997
0.0
-2.939
-4.756
-4.756
-2.939
-0.001000000000000334
2.9379999999999997
4.755000000000001
4.755000000000001
2.939
0.0
-2.939
-4.756
-4.756
-2.94
-0.001000000000000334
2.9379999999999997
4.755000000000001
4.755000000000001
2.939
0.0
-2.939
-4.756
-4.756
-2.94
-0.001000000000000334
2.9379999999999997
4.755000000000001
4.755000000000001
2.9379999999999997
0.0
-2.939
-4.756
-4.756
-2.939
-0.001000000000000334
2.9379999999999997
4.755000000000001
4.755000000000001
2.9379999999999997
0.0
-2.939
-4.756
-4.756
-2.939
0.0
2.9379999999999997
4.755000000000001
4.755000000000001
2.9379999999999997
-0.001000000000000334
-2.939
-4.756
-4.756
-2.939
-2.939
