-99.999
-67.515
-67.53
-67.536
-67.535
-67.525
-67.50800000000001
-67.483
-67.451
-67.411
-67.363
-67.309
-67.247
-67.178
-67.10300000000001
-67.02199999999999
-66.935
-66.843
-66.745
-66.643
-66.536
-66.425
-66.311
-66.193
-66.074
-65.952
-65.828
-65.703
-65.578
-65.452
-65.327
-65.202
-65.07900000000001
-64.958
-64.839
-64.72200000000001
-64.60900000000001
-64.5
-64.394
-64.294
-64.19800000000001
-64.107
-64.02199999999999
-63.943
-63.87
-63.804
-63.745
-63.692
-63.647
-63.61
-63.58
-63.558
-63.543
-63.537
-63.538
-63.548
-63.565
-63.59
-63.622
-63.662
-63.71
-63.764
-63.826
-63.895
-63.97
-64.051
-64.138
-64.22999999999999
-64.328
-64.43
-64.537
-64.648
-64.762
-64.88
-64.999
-65.12100000000001
-65.245
-65.37
-65.495
-65.62100000000001
-65.74600000000001
-65.87100000000001
-65.994
-66.11500000000001
-66.23400000000001
-66.351
-66.464
-66.57300000000001
-66.679
-66.779
-66.875
-66.96600000000001
-67.051
-67.13
-67.203
-67.269
-67.328
-67.381
-67.426
-67.463
-67.493
-67.515
-67.53
-67.536
-67.535
-67.525
-67.50800000000001
-67.483
-67.451
-67.411
-67.363
-67.309
-67.247
-67.178
-67.10300000000001
-67.02199999999999
-66.935
-66.843
-66.745
-66.643
-66.536
-66.425
-66.311
-66.194
-66.074
-65.952
-65.828
-65.703
-65.578
-65.452
-65.327
-65.202
-65.07900000000001
-64.958
-64.839
-64.72200000000001
-64.60900000000001
-64.5
-64.394
-64.294
-64.19800000000001
-64.107
-64.02199999999999
-63.943
-63.87
-63.804
-63.745
-63.692
-63.647
-63.61
-63.58
-63.558
-63.543
-63.537
-63.538
-63.548
-63.565
-63.59
-63.622
-63.662
-63.71
-63.764
-63.826
-63.895
-63.97
-64.051
-64.138
-64.22999999999999
-64.328
-64.43
-64.537
-64.648
-64.762
-64.87899999999999
-64.999
-65.12100000000001
-65.245
-65.37
-65.495
-65.62100000000001
-65.74600000000001
-65.87100000000001
-65.994
-66.11500000000001
-66.23400000000001
-66.351
-66.464
-66.57300000000001
-66.679
-66.779
-66.875
-66.96600000000001
-67.051
-67.13
-67.203
-67.269
-67.328
-67.381
-67.426
-67.463
-67.493
-67.515
-67.53
-67.536
-67.535
-67.525
-67.50800000000001
-67.483
-67.451
-67.411
-67.363
-67.309
-67.247
-67.178
-67.10300000000001
-67.02199999999999
-66.935
-66.843
-66.745
-66.643
-66.536
-66.425
-66.311
-66.194
-66.074
-65.952
-65.828
-65.703
-65.578
-65.452
-65.327
-65.202
-65.07900000000001
-64.958
-64.839
-64.72200000000001
-64.60900000000001
-64.5
-64.394
-64.294
-64.19800000000001
-64.107
-64.02199999999999
-63.943
-63.87
-63.804
-63.745
-63.692
-63.648
-63.61
-63.58
-63.558
-63.543
-63.537
-63.538
-63.548
-63.565
-63.59
-63.622
-63.662
-63.71
-63.764
-63.826
-63.895
-63.97
-64.051
-64.138
-64.22999999999999
-64.328
-64.43
-64.537
-64.648
-64.762
-64.87899999999999
-64.999
-65.12100000000001
-65.245
-65.37
-65.495
-65.62100000000001
-65.74600000000001
-65.87100000000001
-65.994
-66.11500000000001
-66.23400000000001
-66.351
-66.464
-66.57300000000001
-66.679
-66.779
-66.875
-66.96600000000001
-67.051
-67.13
-67.203
-67.269
-67.328
-67.381
-67.425
-67.463
-67.493
-67.515
-67.53
-67.536
-67.535
-67.525
-67.50800000000001
-67.483
-67.451
-67.411
-67.363
-67.309
-67.247
-67.178
-67.10300000000001
-67.02199999999999
-66.935
-66.843
-66.745
-66.643
-66.536
-66.425
-66.311
-66.194
-66.074
-65.952
-65.828
-65.703
-65.578
-65.452
-65.327
-65.202
-65.07900000000001
-64.958
-64.839
-64.72200000000001
-64.60900000000001
-64.5
-64.394
-64.294
-64.19800000000001
-64.107
-64.02199999999999
-63.943
-63.87
-63.804
-63.745
-63.692
-63.647
-63.61
-63.58
-63.558
-63.543
-63.537
-63.538
-63.548
-63.565
-63.59
-63.622
-63.662
-63.71
-63.764
-63.826
-63.895
-63.97
-64.051
-64.138
-64.22999999999999
-64.328
-64.43
-64.537
-64.648
-64.762
-64.88
-65.0
-65.122
-65.245
-65.37
-65.495
-65.62100000000001
-65.74600000000001
-65.87100000000001
-65.994
-66.11500000000001
-66.23400000000001
-66.351
-66.464
-66.57300000000001
-66.679
-66.78
-66.875
-66.96600000000001
-67.051
-67.13
-67.203
-67.269
-67.328
-67.381
-67.426
-67.463
-67.493
-67.515
-67.53
-67.536
-67.535
-67.525
-67.50800000000001
-67.483
-67.451
-67.411
-67.363
-67.30799999999999
-67.247
-67.178
-67.10300000000001
-67.02199999999999
-66.935
-66.843
-66.745
-66.642
-66.536
-66.425
-66.311
-66.193
-66.07300000000001
-65.951
-65.828
-65.703
-65.577
-65.452
-65.326
-65.202
-65.07900000000001
-64.957
-64.838
-64.72200000000001
-64.60900000000001
-64.5
-64.394
-64.293
-64.197
-64.107
-64.02199999999999
-63.943
-63.87
-63.804
-63.745
-63.692
-63.647
-63.61
-63.58
-63.558
-63.543
-63.537
-63.538
-63.548
-63.565
-63.59
-63.622
-63.662
-63.71
-63.765
-63.826
-63.895
-63.97
-64.051
-64.138
-64.22999999999999
-64.328
-64.431
-64.537
-64.648
-64.762
-64.88
-65.0
-65.122
-65.245
-65.37
-65.49600000000001
-65.62100000000001
-65.747
-65.87100000000001
-65.994
-66.116
-66.235
-66.351
-66.464
-66.574
-66.679
-66.78
-66.876
-66.96600000000001
-67.051
-67.13
-67.203
-67.269
-67.328
-67.381
-67.426
-67.463
-67.493
-67.515
-67.53
-67.536
-67.535
-67.525
-67.50800000000001
-67.483
-67.451
-67.411
-67.363
-67.30799999999999
-67.247
-67.178
-67.10300000000001
-67.02199999999999
-66.935
-66.842
-66.745
-66.642
-66.535
-66.425
-66.31
-66.193
-66.07300000000001
-65.951
-65.827
-65.703
-65.577
-65.452
-65.326
-65.202
-65.07900000000001
-64.957
-64.838
-64.72200000000001
-64.60900000000001
-64.499
-64.394
-64.293
-64.197
-64.107
-64.02199999999999
-63.943
-63.87
-63.804
-63.745
-63.692
-63.647
-63.61
-63.58
-63.558
-63.543
-63.537
-63.538
-63.548
-63.565
-63.59
-63.622
-63.662
-63.71
-63.765
-63.826
-63.895
-63.97
-64.051
-64.138
-64.231
-64.328
-64.431
-64.538
-64.648
-64.763
-64.88
-65.0
-65.122
-65.24600000000001
-65.37
-65.49600000000001
-65.622
-65.747
-65.87100000000001
-65.994
-66.116
-66.235
-66.351
-66.464
-66.574
-66.679
-66.78
-66.876
-66.96600000000001
-67.051
-67.13
-67.203
-67.269
-67.32900000000001
-67.381
-67.426
-67.463
-67.493
-67.515
-67.53
-67.536
-67.535
-67.525
-67.50800000000001
-67.483
-67.451
-67.411
-67.363
-67.30799999999999
-67.247
-67.178
-67.10300000000001
-67.02199999999999
-66.935
-66.842
-66.745
-66.642
-66.535
-66.425
-66.31
-66.193
-66.07300000000001
-65.951
-65.827
-65.702
-65.577
-65.451
-65.326
-65.202
-65.078
-64.957
-64.838
-64.72200000000001
-64.60900000000001
-64.499
-64.394
-64.293
-64.197
-64.107
-64.02199999999999
-63.943
-63.87
-63.804
-63.744
-63.692
-63.647
-63.61
-63.58
-63.558
-63.543
-63.537
-63.538
-63.548
-63.565
-63.59
-63.622
-63.662
-63.71
-63.765
-63.827
-63.895
-63.97
-64.051
-64.138
-64.231
-64.328
-64.431
-64.538
-64.649
-64.763
-64.88
-65.0
-65.122
-65.24600000000001
-65.37100000000001
-65.49600000000001
-65.622
-65.747
-65.872
-65.995
-66.116
-66.235
-66.351
-66.464
-66.574
-66.679
-66.78
-66.876
-66.967
-67.05199999999999
-67.13
-67.203
-67.269
-67.32900000000001
-67.381
-67.426
-67.463
-67.493
-67.515
-67.53
-67.536
-67.535
-67.525
-67.50800000000001
-67.483
-67.451
-67.411
-67.363
-67.30799999999999
-67.24600000000001
-67.178
-67.10300000000001
-67.02199999999999
-66.935
-66.842
-66.744
-66.642
-66.535
-66.424
-66.31
-66.193
-66.07300000000001
-65.951
-65.827
-65.702
-65.577
-65.451
-65.326
-65.201
-65.078
-64.957
-64.838
-64.72200000000001
-64.608
-64.499
-64.394
-64.293
-64.197
-64.106
-64.021
-63.942
-63.87
-63.804
-63.744
-63.692
-63.647
-63.61
-63.58
-63.558
-63.543
-63.537
-63.538
-63.548
-63.565
-63.59
-63.622
-63.663
-63.71
-63.765
-63.827
-63.895
-63.97
-64.051
-64.138
-64.231
-64.32900000000001
-64.431
-64.538
-64.649
-64.763
-64.88
-65.0
-65.122
-65.24600000000001
-65.37100000000001
-65.49600000000001
-65.622
-65.747
-65.872
-65.995
-66.116
-66.235
-66.352
-66.465
-66.574
-66.679
-66.78
-66.876
-66.967
-67.05199999999999
-67.131
-67.203
-67.269
-67.32900000000001
-67.381
-67.426
-67.463
-67.493
-67.515
-67.53
-67.536
-67.535
-67.525
-67.50800000000001
-67.483
-67.451
-67.41
-67.363
-67.30799999999999
-67.24600000000001
-67.178
-67.10300000000001
-67.02199999999999
-66.935
-66.842
-66.744
-66.642
-66.535
-66.424
-66.31
-66.193
-66.07300000000001
-65.951
-65.827
-65.702
-65.577
-65.451
-65.326
-65.201
-65.078
-64.957
-64.838
-64.721
-64.608
-64.499
-64.394
-64.293
-64.197
-64.106
-64.021
-63.942
-63.87
-63.804
-63.744
-63.692
-63.647
-63.61
-63.58
-63.558
-63.543
-63.537
-63.538
-63.548
-63.565
-63.59
-63.622
-63.663
-63.71
-63.765
-63.827
-63.895
-63.97
-64.051
-64.13900000000001
-64.231
-64.32900000000001
-64.431
-64.538
-64.649
-64.763
-64.881
-65.001
-65.12299999999999
-65.24600000000001
-65.37100000000001
-65.497
-65.622
-65.747
-65.872
-65.995
-66.116
-66.235
-66.352
-66.465
-66.574
-66.68
-66.78
-66.876
-66.967
-67.05199999999999
-67.131
-67.203
-67.27000000000001
-67.32900000000001
-67.381
-67.426
-67.463
-67.493
-67.515
-67.53
-67.536
-67.535
-67.525
-67.50800000000001
-67.483
-67.451
-67.41
-67.363
-67.30799999999999
-67.24600000000001
-67.178
-67.10300000000001
-67.021
-66.934
-66.842
-66.744
-66.642
-66.535
-66.424
-66.31
-66.19200000000001
-66.072
-65.95
-65.827
-65.702
-65.576
-65.451
-65.325
-65.201
-65.078
-64.956
-64.837
-64.721
-64.608
-64.499
-64.393
-64.293
-64.197
-64.106
-64.021
-63.942
-63.87
-63.803
-63.744
-63.692
-63.647
-63.61
-63.58
-63.558
-63.543
-63.537
-63.538
-63.548
-63.565
-63.59
-63.622
-63.663
-63.71
-63.765
-63.827
-63.895
-63.97
-64.05199999999999
-64.13900000000001
-64.231
-64.32900000000001
-64.432
-64.538
-64.649
-64.763
-64.881
-65.001
-65.12299999999999
-65.24600000000001
-65.37100000000001
-65.497
-65.622
-65.74799999999999
-65.872
-65.995
-66.11699999999999
-66.23599999999999
-66.352
-66.465
-66.574
-66.68
-66.781
-66.876
-66.967
-67.05199999999999
-67.131
-67.20400000000001
-67.20400000000001
