-99.999
-68.504
-68.526
-68.536
-68.53399999999999
-68.52
-68.494
-68.457
-68.408
-68.348
-68.277
-68.195
-68.102
-67.999
-67.887
-67.765
-67.63499999999999
-67.49600000000001
-67.34899999999999
-67.196
-67.035
-66.869
-66.69800000000001
-66.52199999999999
-66.342
-66.15899999999999
-65.97399999999999
-65.786
-65.598
-65.41
-65.22200000000001
-65.035
-64.85
-64.668
-64.49000000000001
-64.315
-64.146
-63.981
-63.823
-63.672
-63.528
-63.392
-63.265
-63.146
-63.037
-62.938
-62.849
-62.77
-62.703
-62.647
-62.602
-62.569
-62.547
-62.537
-62.539
-62.553
-62.579
-62.616
-62.665
-62.725
-62.796
-62.878
-62.971
-63.074
-63.186
-63.308
-63.438
-63.577
-63.724
-63.877
-64.038
-64.20400000000001
-64.375
-64.551
-64.731
-64.914
-65.09899999999999
-65.287
-65.475
-65.663
-65.851
-66.038
-66.223
-66.405
-66.583
-66.75800000000001
-66.92699999999999
-67.092
-67.25
-67.40100000000001
-67.545
-67.681
-67.80799999999999
-67.92699999999999
-68.036
-68.135
-68.224
-68.303
-68.37
-68.426
-68.471
-68.504
-68.526
-68.536
-68.53399999999999
-68.52
-68.494
-68.457
-68.408
-68.348
-68.277
-68.195
-68.102
-67.999
-67.887
-67.765
-67.63499999999999
-67.49600000000001
-67.34899999999999
-67.196
-67.035
-66.869
-66.69800000000001
-66.52199999999999
-66.342
-66.15899999999999
-65.97399999999999
-65.786
-65.598
-65.41
-65.22200000000001
-65.035
-64.85
-64.668
-64.49000000000001
-64.315
-64.146
-63.981
-63.823
-63.672
-63.528
-63.392
-63.265
-63.146
-63.037
-62.938
-62.849
-62.77
-62.703
-62.647
-62.602
-62.569
-62.547
-62.537
-62.539
-62.553
-62.579
-62.616
-62.665
-62.725
-62.796
-62.878
-62.971
-63.074
-63.186
-63.308
-63.438
-63.577
-63.724
-63.877
-64.037
-64.20400000000001
-64.375
-64.551
-64.731
-64.914
-65.09899999999999
-65.287
-65.475
-65.663
-65.851
-66.038
-66.223
-66.405
-66.583
-66.75800000000001
-66.92699999999999
-67.092
-67.25
-67.40100000000001
-67.545
-67.681
-67.80799999999999
-67.92699999999999
-68.036
-68.135
-68.224
-68.303
-68.37
-68.426
-68.471
-68.504
-68.526
-68.536
-68.53399999999999
-68.52
-68.494
-68.457
-68.408
-68.348
-68.277
-68.195
-68.102
-67.999
-67.887
-67.765
-67.63499999999999
-67.49600000000001
-67.34899999999999
-67.196
-67.036
-66.869
-66.69800000000001
-66.52199999999999
-66.342
-66.15899999999999
-65.97399999999999
-65.786
-65.598
-65.41
-65.22200000000001
-65.035
-64.85
-64.668
-64.49000000000001
-64.315
-64.146
-63.981
-63.823
-63.672
-63.528
-63.392
-63.265
-63.146
-63.037
-62.938
-62.849
-62.77
-62.703
-62.647
-62.602
-62.569
-62.547
-62.537
-62.539
-62.553
-62.579
-62.616
-62.665
-62.725
-62.796
-62.878
-62.971
-63.074
-63.186
-63.308
-63.438
-63.577
-63.724
-63.877
-64.037
-64.20400000000001
-64.375
-64.551
-64.731
-64.914
-65.09899999999999
-65.287
-65.475
-65.663
-65.851
-66.038
-66.223
-66.405
-66.583
-66.75800000000001
-66.92699999999999
-67.092
-67.25
-67.40100000000001
-67.545
-67.681
-67.80799999999999
-67.92699999999999
-68.036
-68.135
-68.224
-68.303
-68.37
-68.426
-68.471
-68.504
-68.526
-68.536
-68.53399999999999
-68.52
-68.494
-68.457
-68.408
-68.348
-68.277
-68.195
-68.102
-67.999
-67.887
-67.765
-67.63499999999999
-67.49600000000001
-67.34899999999999
-67.196
-67.036
-66.869
-66.69800000000001
-66.52199999999999
-66.342
-66.15899999999999
-65.97399999999999
-65.786
-65.598
-65.41
-65.22200000000001
-65.035
-64.85
-64.668
-64.49000000000001
-64.315
-64.146
-63.981
-63.823
-63.672
-63.528
-63.392
-63.265
-63.146
-63.037
-62.938
-62.849
-62.77
-62.703
-62.647
-62.602
-62.569
-62.547
-62.537
-62.539
-62.553
-62.579
-62.616
-62.665
-62.725
-62.796
-62.878
-62.971
-63.074
-63.186
-63.308
-63.438
-63.577
-63.724
-63.877
-64.038
-64.20400000000001
-64.375
-64.551
-64.731
-64.914
-65.1
-65.287
-65.475
-65.663
-65.851
-66.038
-66.223
-66.405
-66.583
-66.75800000000001
-66.928
-67.092
-67.25
-67.40100000000001
-67.545
-67.681
-67.80799999999999
-67.92699999999999
-68.036
-68.135
-68.224
-68.303
-68.37
-68.426
-68.471
-68.505
-68.526
-68.536
-68.53399999999999
-68.52
-68.494
-68.457
-68.408
-68.348
-68.277
-68.194
-68.102
-67.999
-67.887
-67.765
-67.634
-67.49600000000001
-67.34899999999999
-67.195
-67.035
-66.869
-66.69800000000001
-66.52199999999999
-66.342
-66.15899999999999
-65.973
-65.786
-65.598
-65.40899999999999
-65.221
-65.035
-64.85
-64.668
-64.489
-64.315
-64.14500000000001
-63.981
-63.823
-63.672
-63.528
-63.392
-63.265
-63.146
-63.037
-62.938
-62.849
-62.77
-62.703
-62.647
-62.602
-62.568
-62.547
-62.537
-62.539
-62.553
-62.579
-62.616
-62.665
-62.725
-62.797
-62.879
-62.971
-63.074
-63.186
-63.308
-63.439
-63.577
-63.724
-63.878
-64.038
-64.20400000000001
-64.375
-64.551
-64.731
-64.914
-65.1
-65.287
-65.475
-65.664
-65.852
-66.038
-66.223
-66.405
-66.584
-66.75800000000001
-66.928
-67.092
-67.25
-67.40100000000001
-67.545
-67.681
-67.809
-67.92699999999999
-68.036
-68.135
-68.224
-68.303
-68.37
-68.426
-68.471
-68.505
-68.526
-68.536
-68.53399999999999
-68.52
-68.494
-68.457
-68.408
-68.348
-68.276
-68.194
-68.102
-67.999
-67.886
-67.765
-67.634
-67.495
-67.34899999999999
-67.195
-67.035
-66.869
-66.697
-66.521
-66.342
-66.158
-65.973
-65.786
-65.598
-65.40899999999999
-65.221
-65.03399999999999
-64.85
-64.668
-64.489
-64.315
-64.14500000000001
-63.981
-63.823
-63.672
-63.528
-63.392
-63.264
-63.146
-63.037
-62.937
-62.849
-62.77
-62.703
-62.647
-62.602
-62.568
-62.547
-62.537
-62.539
-62.553
-62.579
-62.616
-62.665
-62.725
-62.797
-62.879
-62.971
-63.074
-63.187
-63.308
-63.439
-63.578
-63.724
-63.878
-64.038
-64.20400000000001
-64.376
-64.55199999999999
-64.732
-64.91499999999999
-65.1
-65.287
-65.476
-65.664
-65.852
-66.039
-66.223
-66.405
-66.584
-66.759
-66.928
-67.092
-67.25
-67.402
-67.545
-67.681
-67.809
-67.92699999999999
-68.036
-68.136
-68.225
-68.303
-68.37
-68.42699999999999
-68.471
-68.505
-68.526
-68.536
-68.53399999999999
-68.52
-68.494
-68.457
-68.408
-68.348
-68.276
-68.194
-68.102
-67.999
-67.886
-67.765
-67.634
-67.495
-67.34899999999999
-67.195
-67.035
-66.869
-66.697
-66.521
-66.34100000000001
-66.158
-65.973
-65.785
-65.59700000000001
-65.40899999999999
-65.221
-65.03399999999999
-64.84899999999999
-64.667
-64.489
-64.314
-64.14500000000001
-63.981
-63.823
-63.671
-63.528
-63.392
-63.264
-63.146
-63.037
-62.937
-62.848
-62.77
-62.703
-62.646
-62.602
-62.568
-62.547
-62.537
-62.539
-62.553
-62.579
-62.616
-62.665
-62.725
-62.797
-62.879
-62.972
-63.074
-63.187
-63.309
-63.439
-63.578
-63.724
-63.878
-64.038
-64.205
-64.376
-64.55199999999999
-64.732
-64.91499999999999
-65.101
-65.288
-65.476
-65.664
-65.852
-66.039
-66.22399999999999
-66.406
-66.584
-66.759
-66.928
-67.093
-67.251
-67.402
-67.54599999999999
-67.682
-67.809
-67.92699999999999
-68.037
-68.136
-68.225
-68.303
-68.37
-68.42699999999999
-68.471
-68.505
-68.526
-68.536
-68.53399999999999
-68.52
-68.494
-68.457
-68.408
-68.348
-68.276
-68.194
-68.101
-67.999
-67.886
-67.76400000000001
-67.634
-67.495
-67.348
-67.195
-67.03399999999999
-66.868
-66.697
-66.521
-66.34100000000001
-66.158
-65.97200000000001
-65.785
-65.59700000000001
-65.408
-65.22
-65.03399999999999
-64.84899999999999
-64.667
-64.488
-64.314
-64.144
-63.98
-63.822
-63.671
-63.527
-63.391
-63.264
-63.145
-63.036
-62.937
-62.848
-62.77
-62.703
-62.646
-62.602
-62.568
-62.547
-62.537
-62.539
-62.553
-62.579
-62.616
-62.665
-62.726
-62.797
-62.879
-62.972
-63.075
-63.187
-63.309
-63.439
-63.578
-63.725
-63.878
-64.039
-64.205
-64.376
-64.55199999999999
-64.732
-64.91499999999999
-65.101
-65.288
-65.476
-65.66499999999999
-65.85300000000001
-66.039
-66.22399999999999
-66.406
-66.58500000000001
-66.759
-66.929
-67.093
-67.251
-67.402
-67.54599999999999
-67.682
-67.809
-67.928
-68.037
-68.136
-68.225
-68.303
-68.371
-68.42699999999999
-68.471
-68.505
-68.526
-68.536
-68.53399999999999
-68.52
-68.494
-68.457
-68.408
-68.34700000000001
-68.276
-68.194
-68.101
-67.99799999999999
-67.886
-67.76400000000001
-67.634
-67.495
-67.348
-67.194
-67.03399999999999
-66.868
-66.697
-66.521
-66.34100000000001
-66.158
-65.97200000000001
-65.785
-65.59700000000001
-65.408
-65.22
-65.033
-64.84899999999999
-64.667
-64.488
-64.314
-64.144
-63.98
-63.822
-63.671
-63.527
-63.391
-63.264
-63.145
-63.036
-62.937
-62.848
-62.77
-62.702
-62.646
-62.601
-62.568
-62.547
-62.537
-62.539
-62.553
-62.579
-62.616
-62.665
-62.726
-62.797
-62.879
-62.972
-63.075
-63.187
-63.309
-63.44
-63.578
-63.725
-63.879
-64.039
-64.205
-64.37700000000001
-64.553
-64.733
-64.916
-65.101
-65.288
-65.477
-65.66499999999999
-65.85300000000001
-66.03999999999999
-66.22399999999999
-66.406
-66.58500000000001
-66.759
-66.929
-67.093
-67.251
-67.402
-67.54599999999999
-67.682
-67.809
-67.928
-68.037
-68.136
-68.225
-68.303
-68.371
-68.42699999999999
-68.47200000000001
-68.505
-68.526
-68.536
-68.53399999999999
-68.52
-68.494
-68.457
-68.408
-68.34700000000001
-68.276
-68.194
-68.101
-67.99799999999999
-67.886
-67.76400000000001
-67.63300000000001
-67.494
-67.348
-67.194
-67.03399999999999
-66.868
-66.696
-66.52000000000001
-66.34
-66.157
-65.97200000000001
-65.78399999999999
-65.596
-65.408
-65.22
-65.033
-64.848
-64.666
-64.488
-64.313
-64.144
-63.98
-63.822
-63.671
-63.527
-63.391
-63.263
-63.145
-63.036
-62.937
-62.848
-62.77
-62.702
-62.646
-62.601
-62.568
-62.547
-62.537
-62.539
-62.553
-62.579
-62.616
-62.665
-62.726
-62.797
-62.879
-62.972
-63.075
-63.187
-63.309
-63.44
-63.579
-63.725
-63.879
-64.039
-64.205
-64.37700000000001
-64.553
-64.733
-64.916
-65.101
-65.289
-65.477
-65.66499999999999
-65.85300000000001
-66.03999999999999
-66.225
-66.407
-66.58500000000001
-66.75999999999999
-66.929
-67.093
-67.251
-67.40299999999999
-67.54599999999999
-67.682
-67.81
-67.928
-68.037
-68.037
