-99.999
-71.47200000000001
-71.51599999999999
-71.535
-71.531
-71.503
-71.452
-71.377
-71.28
-71.15899999999999
-71.017
-70.85300000000001
-70.667
-70.462
-70.237
-69.994
-69.733
-69.455
-69.162
-68.855
-68.53399999999999
-68.202
-67.85900000000001
-67.507
-67.148
-66.782
-66.411
-66.036
-65.66
-65.283
-64.907
-64.53399999999999
-64.164
-63.8
-63.443
-63.094
-62.755
-62.426
-62.11
-61.808
-61.52
-61.248
-60.993
-60.756
-60.538
-60.339
-60.161
-60.004
-59.869
-59.757
-59.667
-59.601
-59.557
-59.538
-59.542
-59.57
-59.621
-59.696
-59.793
-59.914
-60.056
-60.22
-60.406
-60.611
-60.836
-61.079
-61.34
-61.618
-61.911
-62.218
-62.539
-62.871
-63.214
-63.566
-63.925
-64.291
-64.662
-65.037
-65.413
-65.78999999999999
-66.166
-66.539
-66.90899999999999
-67.273
-67.63
-67.979
-68.318
-68.64699999999999
-68.963
-69.265
-69.553
-69.825
-70.08
-70.31700000000001
-70.535
-70.73400000000001
-70.912
-71.069
-71.20400000000001
-71.316
-71.406
-71.47200000000001
-71.51599999999999
-71.535
-71.531
-71.503
-71.452
-71.377
-71.28
-71.15899999999999
-71.017
-70.85300000000001
-70.667
-70.462
-70.237
-69.994
-69.733
-69.455
-69.162
-68.855
-68.53399999999999
-68.202
-67.85900000000001
-67.50800000000001
-67.148
-66.782
-66.411
-66.036
-65.66
-65.283
-64.907
-64.53399999999999
-64.164
-63.8
-63.443
-63.094
-62.755
-62.426
-62.11
-61.808
-61.52
-61.248
-60.993
-60.756
-60.538
-60.339
-60.161
-60.004
-59.869
-59.757
-59.667
-59.601
-59.557
-59.538
-59.542
-59.57
-59.621
-59.696
-59.793
-59.914
-60.056
-60.22
-60.406
-60.611
-60.836
-61.079
-61.34
-61.618
-61.911
-62.218
-62.538
-62.871
-63.214
-63.565
-63.925
-64.291
-64.662
-65.037
-65.413
-65.78999999999999
-66.166
-66.539
-66.90899999999999
-67.273
-67.63
-67.979
-68.318
-68.64699999999999
-68.963
-69.265
-69.553
-69.825
-70.08
-70.31700000000001
-70.535
-70.73400000000001
-70.912
-71.069
-71.20400000000001
-71.316
-71.406
-71.47200000000001
-71.51599999999999
-71.535
-71.531
-71.503
-71.452
-71.377
-71.28
-71.15899999999999
-71.017
-70.85300000000001
-70.668
-70.462
-70.237
-69.994
-69.733
-69.455
-69.162
-68.855
-68.535
-68.202
-67.86
-67.50800000000001
-67.148
-66.782
-66.411
-66.036
-65.66
-65.283
-64.907
-64.53399999999999
-64.164
-63.8
-63.443
-63.094
-62.755
-62.426
-62.11
-61.808
-61.52
-61.248
-60.993
-60.756
-60.538
-60.339
-60.161
-60.004
-59.87
-59.757
-59.667
-59.601
-59.557
-59.538
-59.542
-59.57
-59.621
-59.696
-59.793
-59.914
-60.056
-60.22
-60.405
-60.611
-60.836
-61.079
-61.34
-61.618
-61.911
-62.218
-62.538
-62.871
-63.213
-63.565
-63.925
-64.291
-64.662
-65.037
-65.413
-65.78999999999999
-66.166
-66.539
-66.90899999999999
-67.273
-67.63
-67.979
-68.318
-68.64699999999999
-68.963
-69.265
-69.553
-69.825
-70.08
-70.31700000000001
-70.535
-70.73400000000001
-70.912
-71.069
-71.203
-71.316
-71.406
-71.47200000000001
-71.51599999999999
-71.535
-71.531
-71.503
-71.452
-71.377
-71.28
-71.15899999999999
-71.017
-70.85300000000001
-70.668
-70.462
-70.237
-69.994
-69.733
-69.455
-69.162
-68.855
-68.535
-68.202
-67.85900000000001
-67.50800000000001
-67.148
-66.782
-66.411
-66.036
-65.66
-65.283
-64.907
-64.53399999999999
-64.164
-63.8
-63.443
-63.094
-62.755
-62.426
-62.11
-61.808
-61.52
-61.248
-60.993
-60.756
-60.538
-60.339
-60.161
-60.004
-59.869
-59.757
-59.667
-59.601
-59.557
-59.538
-59.542
-59.57
-59.621
-59.696
-59.793
-59.914
-60.056
-60.22
-60.406
-60.611
-60.836
-61.079
-61.34
-61.618
-61.911
-62.218
-62.539
-62.871
-63.214
-63.566
-63.926
-64.292
-64.663
-65.037
-65.413
-65.78999999999999
-66.166
-66.53999999999999
-66.90899999999999
-67.273
-67.63
-67.979
-68.319
-68.64699999999999
-68.963
-69.26599999999999
-69.553
-69.825
-70.08
-70.31700000000001
-70.536
-70.73400000000001
-70.912
-71.069
-71.20400000000001
-71.316
-71.406
-71.473
-71.51599999999999
-71.535
-71.531
-71.503
-71.452
-71.377
-71.28
-71.15899999999999
-71.017
-70.852
-70.667
-70.462
-70.237
-69.993
-69.732
-69.455
-69.162
-68.854
-68.53399999999999
-68.202
-67.85900000000001
-67.507
-67.14699999999999
-66.781
-66.41
-66.036
-65.65899999999999
-65.282
-64.906
-64.533
-64.163
-63.799
-63.442
-63.093
-62.754
-62.426
-62.11
-61.807
-61.519
-61.248
-60.993
-60.755
-60.537
-60.339
-60.161
-60.004
-59.869
-59.757
-59.667
-59.6
-59.557
-59.538
-59.542
-59.57
-59.621
-59.696
-59.793
-59.914
-60.057
-60.221
-60.406
-60.611
-60.836
-61.08
-61.341
-61.618
-61.911
-62.219
-62.539
-62.872
-63.214
-63.566
-63.926
-64.292
-64.663
-65.038
-65.414
-65.791
-66.167
-66.53999999999999
-66.91
-67.274
-67.631
-67.97999999999999
-68.319
-68.648
-68.964
-69.26599999999999
-69.554
-69.826
-70.081
-70.318
-70.536
-70.73400000000001
-70.912
-71.069
-71.20400000000001
-71.316
-71.406
-71.473
-71.51599999999999
-71.535
-71.531
-71.503
-71.452
-71.377
-71.279
-71.15899999999999
-71.01599999999999
-70.852
-70.667
-70.461
-70.236
-69.993
-69.732
-69.45400000000001
-69.161
-68.854
-68.533
-68.201
-67.858
-67.506
-67.14699999999999
-66.78
-66.40899999999999
-66.035
-65.65899999999999
-65.282
-64.906
-64.532
-64.163
-63.799
-63.442
-63.093
-62.753
-62.425
-62.109
-61.807
-61.519
-61.247
-60.992
-60.755
-60.537
-60.338
-60.161
-60.004
-59.869
-59.757
-59.667
-59.6
-59.557
-59.538
-59.542
-59.57
-59.621
-59.696
-59.794
-59.914
-60.057
-60.221
-60.406
-60.612
-60.837
-61.08
-61.341
-61.619
-61.912
-62.219
-62.54
-62.872
-63.215
-63.567
-63.927
-64.293
-64.664
-65.038
-65.41499999999999
-65.792
-66.168
-66.541
-66.91
-67.274
-67.632
-67.981
-68.32
-68.648
-68.964
-69.267
-69.554
-69.826
-70.081
-70.318
-70.536
-70.735
-70.913
-71.069
-71.20400000000001
-71.31700000000001
-71.406
-71.473
-71.51599999999999
-71.535
-71.531
-71.503
-71.452
-71.377
-71.279
-71.15899999999999
-71.01599999999999
-70.852
-70.667
-70.461
-70.236
-69.993
-69.731
-69.45400000000001
-69.161
-68.85300000000001
-68.533
-68.201
-67.858
-67.506
-67.146
-66.78
-66.40899999999999
-66.03399999999999
-65.658
-65.281
-64.905
-64.532
-64.162
-63.798
-63.441
-63.092
-62.753
-62.425
-62.109
-61.806
-61.519
-61.247
-60.992
-60.755
-60.537
-60.338
-60.16
-60.004
-59.869
-59.756
-59.667
-59.6
-59.557
-59.538
-59.542
-59.57
-59.621
-59.696
-59.794
-59.914
-60.057
-60.221
-60.407
-60.612
-60.837
-61.081
-61.342
-61.619
-61.912
-62.22
-62.54
-62.873
-63.216
-63.568
-63.927
-64.293
-64.66499999999999
-65.039
-65.41499999999999
-65.792
-66.168
-66.542
-66.911
-67.275
-67.632
-67.981
-68.32
-68.649
-68.965
-69.267
-69.555
-69.827
-70.082
-70.318
-70.537
-70.735
-70.913
-71.069
-71.20400000000001
-71.31700000000001
-71.406
-71.473
-71.51599999999999
-71.535
-71.531
-71.503
-71.452
-71.377
-71.279
-71.15899999999999
-71.01599999999999
-70.852
-70.666
-70.461
-70.236
-69.992
-69.731
-69.453
-69.16
-68.85300000000001
-68.532
-68.2
-67.857
-67.505
-67.14500000000001
-66.779
-66.408
-66.03399999999999
-65.657
-65.28
-64.904
-64.531
-64.162
-63.798
-63.44
-63.092
-62.752
-62.424
-62.108
-61.806
-61.518
-61.246
-60.991
-60.754
-60.536
-60.338
-60.16
-60.003
-59.869
-59.756
-59.667
-59.6
-59.557
-59.538
-59.542
-59.57
-59.621
-59.696
-59.794
-59.915
-60.057
-60.222
-60.407
-60.613
-60.838
-61.081
-61.342
-61.62
-61.913
-62.22
-62.541
-62.873
-63.216
-63.568
-63.928
-64.294
-64.66499999999999
-65.03999999999999
-65.416
-65.793
-66.169
-66.542
-66.912
-67.27600000000001
-67.63300000000001
-67.982
-68.321
-68.649
-68.965
-69.268
-69.555
-69.827
-70.082
-70.319
-70.537
-70.735
-70.913
-71.07
-71.205
-71.31700000000001
-71.406
-71.473
-71.51599999999999
-71.535
-71.531
-71.503
-71.452
-71.377
-71.279
-71.158
-71.01599999999999
-70.851
-70.666
-70.46000000000001
-70.235
-69.992
-69.731
-69.453
-69.16
-68.852
-68.532
-68.199
-67.857
-67.505
-67.14500000000001
-66.779
-66.408
-66.033
-65.657
-65.28
-64.904
-64.53
-64.161
-63.797
-63.44
-63.091
-62.752
-62.424
-62.108
-61.805
-61.518
-61.246
-60.991
-60.754
-60.536
-60.338
-60.16
-60.003
-59.868
-59.756
-59.666
-59.6
-59.557
-59.538
-59.542
-59.57
-59.621
-59.696
-59.794
-59.915
-60.058
-60.222
-60.407
-60.613
-60.838
-61.081
-61.343
-61.62
-61.914
-62.221
-62.542
-62.874
-63.217
-63.569
-63.929
-64.295
-64.666
-65.03999999999999
-65.417
-65.794
-66.169
-66.543
-66.912
-67.27600000000001
-67.63300000000001
-67.982
-68.321
-68.65
-68.96600000000001
-69.268
-69.556
-69.827
-70.082
-70.319
-70.537
-70.736
-70.913
-71.07
-71.205
-71.31700000000001
-71.407
-71.473
-71.51599999999999
-71.535
-71.531
-71.503
-71.451
-71.377
-71.279
-71.158
-71.015
-70.851
-70.666
-70.46000000000001
-70.235
-69.991
-69.73
-69.452
-69.15899999999999
-68.852
-68.531
-68.199
-67.856
-67.50399999999999
-67.144
-66.77799999999999
-66.407
-66.032
-65.656
-65.279
-64.90299999999999
-64.53
-64.16
-63.796
-63.439
-63.09
-62.751
-62.423
-62.107
-61.805
-61.517
-61.245
-60.99
-60.754
-60.536
-60.337
-60.159
-60.003
-59.868
-59.756
-59.666
-59.6
-59.557
-59.538
-59.542
-59.57
-59.622
-59.696
-59.794
-59.915
-60.058
-60.222
-60.408
-60.613
-60.838
-61.082
-61.343
-61.621
-61.914
-62.222
-62.542
-62.874
-63.217
-63.569
-63.929
-64.295
-64.666
-65.041
-65.417
-65.794
-66.17
-66.544
-66.913
-67.277
-67.634
-67.983
-68.322
-68.65
-68.96600000000001
-69.269
-69.556
-69.828
-70.083
-70.32
-70.538
-70.538
